6
10
27
16
2
22
3
1
24
2
18
2
6
12
3
14
3
2
15
2
1
2
8
2
2
2
2
2
5
3
2
2
1
4
16
6
4
4
4
1
2
2
2
2
1
6
3
4
6
2
2
2
13
3
6
2
11
8
6
3
4
24
4
1
3
3
10
1
11
1
22
2
17
6
2
2
5
32
2
8
1
4
6
2
1
14
3
1
2
3
6
2
12
1
5
21
3
1
1
3
3
2
2
1
16
10
4
2
13
3
3
1
6
8
10
4
1
3
8
1
4
2
3
5
1
9
1
8
1
5
25
2
2
8
8
2
8
3
29
3
5
3
1
15
3
1
9
2
4
20
1
28
3
2
119
1
7
4
6
6
4
10
2
1
1
6
7
7
8
12
15
40
6
2
4
9
2
1
3
6
1
2
3
1
8
8
4
13
2
3
13
6
2
2
7
1
23
3
3
16
2
4
1
2
2
2
3
4
1
1
6
12
32
3
18
3
10
1
6
15
3
2
4
3
3
5
1
6
2
11
9
5
2
6
1
7
10
2
2
6
4
2
2
27
4
9
2
3
6
29
1
6
21
6
23
9
14
3
10
26
3
2
1
4
1
4
4
11
2
8
4
8
1
5
21
1
4
2
9
1
4
8
2
15
13
6
6
2
4
1
5
12
2
4
10
1
6
7
1
6
4
3
10
2
5
3
2
6
22
14
32
9
10
3
1
9
1
19
6
8
6
2
6
20
20
2
4
2
7
6
10
1
3
12
1
37
7
4
8
1
4
2
3
5
4
3
2
1
2
9
4
9
4
13
3
4
3
1
6
1
6
2
9
2
8
6
3
16
3
8
10
1
4
1
4
2
2
2
4
5
7
10
54
35
3
3
10
1
21
9
3
8
10
2
8
3
3
1
4
2
2
11
6
2
1
3
1
1
3
3
2
6
4
3
7
1
6
2
2
3
4
3
3
2
11
12
16
2
2
13
14
11
3
10
4
4
2
8
5
10
1
8
1
3
10
1
7
4
7
56
9
2
22
6
3
2
2
2
16
6
7
4
7
1
3
2
2
2
10
18
3
2
8
21
32
2
8
3
2
1
8
19
1
95
6
2
2
4
4
3
4
2
9
27
1
2
65
12
3
1
55
3
3
19
6
2
1
30
7
6
4
3
3
32
4
12
10
1
2
4
12
3
6
8
2
3
2
4
2
92
9
6
3
9
3
15
1
6
2
1
1
10
4
3
1
9
1
21
3
8
1
3
8
13
2
6
2
4
38
2
1
8
4
10
2
21
24
2
2
2
2
4
2
6
3
2
6
1
15
5
4
1
9
5
3
1
2
7
8
11
5
6
2
4
21
3
3
15
7
9
6
3
1
3
6
3
11
1
45
12
2
6
47
3
4
2
7
3
16
12
18
4
6
1
10
6
3
2
10
3
13
4
1
3
4
2
12
2
1
6
4
2
3
1
1
3
2
1
6
2
2
29
20
9
4
3
1
17
2
4
6
22
30
6
2
5
2
2
1
1
3
3
46
2
1
1
2
3
8
5
4
1
10
3
31
13
5
10
1
3
2
10
6
2
1
3
4
2
12
1
3
1
6
6
1
2
6
3
2
4
17
13
2
2
2
8
2
2
4
6
9
12
2
2
7
4
3
15
3
8
9
3
5
4
5
8
6
3
3
16
10
2
2
1
1
4
3
4
6
22
1
1
4
26
11
5
6
3
1
10
16
2
11
6
111
6
1
8
2
4
3
2
1
3
5
9
65
5
6
16
3
2
6
40
3
9
14
13
3
6
4
12
4
2
2
16
16
8
1
86
39
16
6
8
1
10
5
2
2
1
1
22
2
6
1
2
5
2
4
5
1
11
1
13
22
2
2
1
14
13
6
9
6
2
46
2
6
2
3
1
8
4
3
1
2
1
9
3
4
3
2
6
2
6
4
5
11
1
20
6
3
3
35
1
3
2
3
4
2
34
4
3
2
9
3
3
3
3
1
1
8
1
12
6
6
6
12
3
21
3
6
4
1
9
2
2
13
6
10
3
4
1
6
6
4
16
10
6
1
7
5
4
6
4
3
1
1
4
4
7
12
2
10
1
1
28
10
10
4
2
9
6
8
1
11
3
1
3
4
2
4
8
3
2
1
120
19
15
2
2
4
4
2
4
2
3
8
1
12
2
5
6
5
14
2
3
3
10
6
1
5
8
3
1
1
23
4
1
2
1
1
1
1
8
1
2
3
1
3
3
6
1
4
2
3
10
1
2
4
6
